38 Sea Zone  (1405,1087)  (1345,1146)  (1345,1086)  (1464,1147)  (1405,1027)  (1465,1027)  (1465,1087)  (1343,1026)  (1404,1206)  (1344,1206)  (1285,1146)  (1285,1086)  (1524,1147)  (1524,1207)  (1464,1207)  (1284,1207)  (1403,967)  (1463,967)  (1523,967)  (1525,1027)  (1525,1087)  (1283,1026)  (1283,966)  (1343,966)  (1583,961)  (1225,1147)  (1225,1087)  (1584,1147)  (1584,1207)  (1224,1207)  (1585,1021)  (1585,1081)  (1223,1027)  (1223,967)  | overflowToLeft=false
99 Sea Zone  (1956,2745)  (1896,2802)  (1896,2742)  (1956,2685)  (2016,2685)  (2016,2745)  (1892,2682)  (1836,2821)  (1836,2761)  (2076,2678)  (2076,2738)  (1832,2701)  (1776,2840)  (1776,2780)  (2136,2678)  (2136,2738)  (1772,2720)  | overflowToLeft=false
RCap  (7660,3397)  | overflowToLeft=false
84 Sea Zone  (1210,2409)  (1150,2468)  (1150,2408)  (1269,2469)  (1210,2349)  (1270,2349)  (1270,2409)  (1148,2348)  (1209,2528)  (1149,2528)  (1090,2468)  (1090,2408)  (1329,2469)  (1329,2529)  (1269,2529)  (1089,2529)  (1208,2289)  (1268,2289)  (1328,2289)  (1330,2349)  (1330,2409)  (1088,2348)  (1088,2288)  (1148,2288)  (1388,2250)  (1030,2469)  (1030,2409)  (1389,2469)  (1029,2574)  (1390,2310)  (1390,2370)  (1028,2349)  (1028,2289)  | overflowToLeft=false
A1 - Topend  (5523,396)  (5463,417)  (5581,456)  (5516,336)  | overflowToLeft=false
R21  (4405,1252)  (4345,1207)  (4281,1248)  (4233,1280)  (4241,1344)  (4302,1377)  (4365,1324)  | overflowToLeft=false
A2 - Ace  (5451,544)  (5391,546)  (5391,486)  (5510,604)  (5331,526)  (5558,664)  | overflowToLeft=false
R20  (4425,1091)  (4453,1151)  (4393,1151)  (4481,1031)  | overflowToLeft=false
A3 - Bush  (5704,628)  (5644,679)  (5644,619)  (5763,688)  (5634,559)  (5823,697)  | overflowToLeft=false
R23  (3570,1522)  (3510,1581)  (3510,1521)  (3629,1582)  (3570,1462)  (3630,1462)  (3630,1522)  (3508,1461)  (3569,1641)  (3509,1641)  (3689,1582)  (3690,1474)  (3448,1499)  | overflowToLeft=false
56 Sea Zone  (621,1772)  (561,1831)  (561,1771)  (680,1832)  (621,1712)  (681,1712)  (681,1772)  (559,1711)  (620,1891)  (560,1891)  (710,1892)  (619,1652)  (679,1652)  (519,1651)  | overflowToLeft=false
100 Sea Zone  (2358,2756)  (2298,2760)  (2298,2700)  (2417,2816)  (2358,2696)  (2418,2696)  (2418,2756)  (2238,2760)  (2238,2700)  (2455,2876)  (2455,2936)  (2455,2996)  | overflowToLeft=false
A4 - Smoke  (5758,994)  (5789,934)  (5769,870)  (5742,806)  (5676,753)  (5596,744)  (5536,735)  (5560,809)  (5600,872)  (5658,931)  | overflowToLeft=false
R22  (4646,1248)  | overflowToLeft=false
A5 - Oz  (5571,1023)  | overflowToLeft=false
R25  (4129,1399)  (4189,1384)  | overflowToLeft=false
A6 - Billabong  (5915,994)  (5855,1053)  (5855,993)  (5974,1054)  (5915,934)  (5975,934)  (5975,994)  (6034,1054)  (6034,1114)  (5856,874)  (5916,874)  (5824,814)  (5884,814)  | overflowToLeft=false
R24  (3873,1463)  (3813,1522)  (3813,1462)  (3932,1523)  (3882,1403)  (3933,1463)  (3993,1411)  (3993,1471)  | overflowToLeft=false
9 Sea Zone  (3478,45)  (3418,104)  (3418,44)  (3524,105)  (3538,0)  (3464,164)  (3404,164)  (3358,104)  (3358,44)  (3525,165)  (3598,0)  (3344,171)  (3658,0)  (3718,0)  (3778,0)  (3838,0)  | overflowToLeft=false
A7 - Veg  (5181,1355)  | overflowToLeft=false
R27  (4366,1466)  | overflowToLeft=false
A8 - Dunny  (5960,1257)  (5900,1316)  (5900,1256)  (6019,1317)  (5960,1197)  (6020,1207)  (5898,1196)  (6079,1267)  (6079,1327)  | overflowToLeft=false
R26  (4295,1612)  (4233,1590)  (4169,1565)  (4108,1551)  (4037,1581)  (4043,1642)  (4098,1687)  (4163,1694)  (4229,1698)  | overflowToLeft=false
A9 - Pozzy  (6015,1495)  (5955,1485)  (6074,1555)  (6014,1555)  (6015,1435)  (6075,1435)  (6075,1495)  (5944,1425)  (6088,1615)  | overflowToLeft=false
R29  (3849,1700)  (3789,1759)  (3789,1699)  (3908,1760)  (3849,1640)  (3909,1640)  (3909,1700)  (3787,1639)  (3729,1746)  (3906,1820)  (3969,1671)  (3969,1731)  (3727,1686)  | overflowToLeft=false
R28  (3550,1813)  (3490,1871)  (3490,1811)  (3609,1873)  (3554,1753)  (3610,1813)  (3614,1753)  (3432,1751)  (3549,1931)  (3430,1834)  (3669,1873)  (3670,1813)  (3730,1835)  | overflowToLeft=false
13 Sea Zone  (5496,118)  (5436,177)  (5436,117)  (5555,178)  (5496,58)  (5556,58)  (5556,118)  (5434,57)  (5495,237)  (5435,237)  (5376,177)  (5376,117)  (5615,178)  (5616,0)  (5616,60)  (5374,57)  (5675,120)  (5675,180)  (5676,0)  (5676,60)  | overflowToLeft=false
115 Sea Zone  (1588,3282)  (1528,3338)  (1528,3278)  (1648,3269)  (1648,3329)  (1523,3218)  (1468,3338)  (1468,3278)  (1708,3292)  (1463,3218)  (1463,3158)  (1523,3158)  (1408,3338)  (1408,3278)  (1768,3302)  (1403,3218)  (1403,3158)  (1403,3098)  (1463,3098)  (1523,3098)  (1828,3307)  | overflowToLeft=false
R1  (4175,165)  (4115,182)  (4235,144)  | overflowToLeft=false
A10 - Downunder  (5870,1607)  (5810,1563)  (5929,1667)  (5869,1667)  (5870,1547)  (5910,1727)  | overflowToLeft=false
R2  (4529,37)  | overflowToLeft=false
R3  (3725,519)  (3665,533)  (3769,579)  (3785,463)  | overflowToLeft=false
R4  (4073,493)  (4010,489)  (3945,483)  (3885,477)  (3854,537)  (3841,595)  (3810,648)  (3901,629)  (3958,604)  (4013,550)  | overflowToLeft=false
28 Sea Zone  (5092,341)  (5032,400)  (5032,340)  (5151,401)  (5092,281)  (5152,281)  (5152,341)  (5030,280)  (5091,460)  (5031,460)  (4972,400)  (4972,340)  (5212,239)  (5212,299)  (5212,359)  (4970,280)  (4912,401)  (4912,341)  (5272,245)  (5272,305)  (5272,365)  (4910,281)  (5332,300)  (5332,360)  | overflowToLeft=false
R5  (4178,552)  (4118,611)  (4222,612)  (4238,512)  (4282,572)  | overflowToLeft=false
IN12 - Stratyegin  (3715,2043)  (3655,2102)  (3655,2042)  (3774,2103)  (3715,1983)  (3775,1983)  (3775,2043)  (3595,2034)  (3834,2103)  (3798,1923)  (3835,2027)  | overflowToLeft=false
R6  (4450,610)  (4390,636)  (4390,576)  (4509,670)  (4450,550)  (4510,550)  (4510,610)  (4449,696)  | overflowToLeft=false
IN13 - Espectador  (6109,1816)  (6049,1875)  (6049,1815)  (6168,1876)  (6109,1756)  (6169,1756)  (6169,1816)  (6047,1755)  (5989,1820)  (6228,1876)  (6229,1767)  (5929,1815)  (6288,1827)  (6288,1887)  | overflowToLeft=false
R7  (4665,608)  (4724,668)  (4664,668)  (4614,548)  (4674,548)  (4725,608)  (4734,539)  (4735,728)  (4675,728)  (4723,479)  | overflowToLeft=false
IN10 - Trasnaigh  (1532,1733)  (1472,1726)  (1592,1734)  | overflowToLeft=false
R8  (3423,697)  (3363,756)  (3477,757)  (3398,637)  (3458,637)  (3483,697)  (3518,611)  | overflowToLeft=false
IN11 - Kantstenn  (2228,1703)  (2287,1763)  (2227,1763)  (2201,1643)  (2261,1643)  | overflowToLeft=false
R9  (3622,713)  (3562,772)  (3681,773)  (3587,653)  (3647,653)  (3682,713)  | overflowToLeft=false
GCap  (7660,3397)  | overflowToLeft=false
IN14 - Vigia  (6360,1686)  (6300,1710)  (6419,1746)  (6345,1626)  (6405,1626)  (6420,1686)  | overflowToLeft=false
IN15 - Seccao  (6569,1690)  (6628,1750)  (6568,1750)  (6532,1630)  (6592,1630)  (6629,1690)  (6652,1607)  (6508,1784)  (6616,1810)  | overflowToLeft=false
94 Sea Zone  (7349,2587)  (7289,2646)  (7289,2586)  (7408,2647)  (7349,2527)  (7409,2527)  (7409,2587)  (7287,2526)  (7348,2706)  (7288,2706)  (7229,2646)  (7229,2586)  (7469,2473)  (7469,2533)  (7227,2526)  (7354,2766)  (7294,2766)  (7529,2473)  (7309,2826)  (7249,2826)  (7261,2886)  | overflowToLeft=false
R30  (4101,1820)  (4041,1861)  (4041,1801)  (4160,1880)  (4101,1760)  (4161,1760)  (4161,1820)  | overflowToLeft=false
R32  (3989,2156)  (3929,2202)  (3929,2142)  (4048,2216)  (3989,2096)  (4049,2096)  (4049,2156)  (3928,2082)  (4109,2115)  | overflowToLeft=false
46 Sea Zone  (1251,1428)  (1191,1487)  (1191,1427)  (1310,1488)  (1251,1368)  (1311,1368)  (1311,1428)  (1189,1367)  (1250,1547)  (1190,1547)  (1349,1548)  (1249,1308)  (1309,1308)  (1162,1307)  | overflowToLeft=false
125 Sea Zone  (6893,3286)  (6833,3338)  (6833,3278)  (6893,3226)  (6953,3226)  (6953,3286)  (6773,3338)  (6773,3278)  (7013,3209)  (7013,3269)  (7013,3329)  (6713,3338)  (6713,3278)  (7073,3206)  (7073,3266)  (7073,3326)  (6653,3338)  (6653,3278)  (7133,3210)  (7133,3270)  (7133,3330)  (6593,3338)  (6593,3278)  (7193,3215)  (7193,3275)  (7193,3335)  (6570,3218)  (6533,3338)  (6533,3278)  (6530,3092)  (6523,3158)  (6510,3218)  | overflowToLeft=false
R31  (4031,1980)  (3971,2009)  (3971,1949)  (4091,1968)  (4093,2028)  (3911,1983)  | overflowToLeft=false
NL1 - Flaggestok  (1911,1180)  (1851,1239)  (1971,1138)  | overflowToLeft=false
NL3 - Zachodnan  (3172,1091)  (3112,1144)  (3232,1045)  (3266,1105)  | overflowToLeft=false
NL2 - Ferankera  (2211,1051)  (2270,1111)  (2187,991)  | overflowToLeft=false
NL5 - Srodeklaw  (3611,1071)  (3671,1043)  (3671,1103)  | overflowToLeft=false
NL4 - Polnocin  (3416,1056)  (3356,1045)  (3476,1014)  (3476,1074)  | overflowToLeft=false
23 Sea Zone  (2630,432)  (2570,491)  (2570,431)  (2658,492)  (2630,372)  (2690,372)  (2690,432)  (2594,551)  (2534,551)  (2510,491)  (2603,312)  (2663,312)  (2723,312)  (2750,372)  (2750,432)  (2783,279)  (2474,587)  (2536,611)  (2450,527)  (2603,252)  (2663,252)  (2723,252)  (2810,339)  (2810,399)  (2843,235)  (2476,647)  | overflowToLeft=false
NL7 - Otwardz  (3456,1185)  (3396,1213)  (3516,1175)  (3576,1185)  (3636,1185)  | overflowToLeft=false
NL6 - Wschod  (3775,1053)  | overflowToLeft=false
NL9 - Domyslivy  (3456,2047)  (3396,2080)  (3515,2107)  (3516,2026)  | overflowToLeft=false
41 Sea Zone  (4790,1009)  (4730,1068)  (4730,1008)  (4849,1069)  (4790,949)  (4850,949)  (4850,1009)  (4728,948)  (4670,1085)  (4670,1025)  (4909,1069)  (4910,932)  (4910,992)  (4610,1085)  | overflowToLeft=false
NL8 - Poludniowy  (3817,1155)  | overflowToLeft=false
64 Sea Zone  (5017,1602)  (4957,1649)  (4957,1589)  (5076,1662)  (5077,1550)  (4936,1529)  (4897,1634)  (5136,1610)  (5136,1670)  (5137,1550)  (4883,1469)  (4876,1574)  | overflowToLeft=false
NL13 - Verleiding  (2144,3137)  (2084,3196)  (2084,3136)  (2161,3197)  (2204,3086)  (2221,3146)  (2024,3120)  (2264,3086)  (2281,3146)  | overflowToLeft=false
76 Sea Zone  (5320,2166)  (5320,2226)  (5322,2286)  | overflowToLeft=false
110 Sea Zone  (6324,2953)  (6264,3012)  (6264,2952)  (6383,3013)  (6324,2893)  (6384,2893)  (6384,2953)  (6204,3030)  (6204,2970)  (6443,3013)  (6444,2859)  (6444,2919)  (6476,2799)  (6144,3030)  (6144,2970)  (6504,2859)  (6504,2919)  (6508,2739)  (6084,3030)  (6084,2970)  | overflowToLeft=false
4 Sea Zone  (1377,64)  (1317,123)  (1317,63)  (1436,124)  (1377,4)  (1437,4)  (1437,64)  (1315,3)  (1257,142)  (1257,82)  (1496,124)  (1497,0)  (1497,60)  (1255,22)  (1514,184)  | overflowToLeft=false
15 Sea Zone  (6547,59)  (6487,110)  (6487,50)  (6607,0)  (6607,60)  (6427,121)  (6427,61)  (6427,1)  (6667,0)  (6667,60)  (6367,128)  (6367,68)  (6367,8)  (6727,0)  (6727,60)  (6307,140)  (6307,80)  (6307,20)  (6787,0)  (6787,60)  | overflowToLeft=false
C1 - Beimen  (4528,1688)  (4468,1712)  (4588,1674)  (4449,1652)  (4612,1734)  (4389,1640)  | overflowToLeft=false
21 Sea Zone  (1608,336)  (1548,395)  (1548,335)  (1639,396)  (1608,276)  (1668,276)  (1668,336)  (1546,275)  (1728,255)  (1788,255)  | overflowToLeft=false
C2 - Jinglu  (4722,1683)  (4737,1745)  (4800,1791)  (4865,1796)  (4928,1793)  (4957,1728)  (4898,1695)  (4820,1678)  | overflowToLeft=false
C3 - Chukou  (5116,1827)  (5056,1868)  (5056,1808)  (5175,1887)  (5116,1767)  (5176,1786)  (5036,1748)  (5235,1866)  | overflowToLeft=false
C4 - Laohuxi  (5483,1787)  (5423,1846)  (5423,1786)  (5542,1847)  (5483,1727)  (5543,1747)  | overflowToLeft=false
C5 - Aodamen  (5696,1707)  (5636,1734)  (5636,1674)  (5755,1767)  (5696,1647)  (5756,1674)  (5695,1794)  (5815,1779)  | overflowToLeft=false
C6 - Huabu  (4478,1862)  (4418,1917)  (4418,1857)  (4537,1922)  (4478,1802)  (4538,1802)  (4538,1862)  | overflowToLeft=false
97 Sea Zone  (1103,2811)  (1043,2870)  (1043,2810)  (1162,2871)  (1103,2751)  (1163,2751)  (1163,2811)  (1041,2750)  (983,2915)  (983,2855)  (1222,2871)  (1101,2691)  (1161,2691)  (1223,2768)  (981,2795)  (981,2735)  (1041,2690)  (973,2675)  (923,2915)  (923,2855)  (1282,2828)  (1282,2888)  (1283,2759)  (863,2915)  (863,2855)  | overflowToLeft=false
C7 - Yuding  (4682,1922)  (4622,1963)  (4741,1982)  (4639,1862)  (4699,1862)  (4742,1922)  (4759,1857)  | overflowToLeft=false
C8 - Fangyunnan  (4889,1951)  (4829,2010)  (4829,1950)  (4948,2011)  (4889,1891)  (4949,1891)  (4949,1951)  | overflowToLeft=false
C9 - Shijiang  (5127,2133)  (5187,2135)  (5238,2195)  | overflowToLeft=false
92 Sea Zone  (6251,2433)  (6191,2492)  (6191,2432)  (6310,2493)  (6251,2373)  (6311,2373)  (6311,2433)  (6189,2372)  (6250,2552)  (6190,2552)  (6131,2492)  (6131,2432)  (6370,2493)  (6130,2553)  (6249,2313)  (6309,2313)  (6369,2313)  (6371,2373)  (6371,2433)  (6129,2372)  (6129,2312)  (6189,2312)  (6071,2493)  (6071,2433)  (6117,2613)  (6070,2553)  (6249,2253)  (6069,2373)  | overflowToLeft=false
18 Sea Zone  (637,396)  (577,455)  (577,395)  (696,456)  (637,336)  (697,336)  (697,396)  (575,335)  (517,498)  (517,438)  (756,456)  (757,289)  (757,349)  (515,378)  (515,318)  (457,495)  (816,409)  (816,469)  (455,435)  (455,375)  (455,315)  | overflowToLeft=false
UK1 - Elevensend  (1794,457)  (1734,508)  (1734,448)  (1853,517)  (1794,397)  (1854,397)  (1854,457)  (1805,337)  | overflowToLeft=false
UK3 - Decksbury  (1593,683)  (1533,742)  (1652,743)  (1591,623)  (1651,623)  (1653,683)  (1711,602)  (1619,563)  (1713,662)  | overflowToLeft=false
UK2 - Scramblesworth  (2169,528)  (2109,586)  (2109,526)  (2188,588)  (2182,468)  (2229,528)  | overflowToLeft=false
UK5 - Scapachester  (2285,676)  (2225,735)  (2344,736)  (2273,616)  (2345,639)  | overflowToLeft=false
UK4 - Pubford  (1968,575)  (1902,599)  (1837,625)  (1814,696)  (1758,761)  (1824,768)  (1893,762)  (1961,754)  (2020,740)  (2089,734)  (2114,665)  (2036,637)  | overflowToLeft=false
117 Sea Zone  (2706,3159)  (2646,3218)  (2646,3158)  (2765,3219)  (2766,3141)  (2705,3278)  (2645,3278)  (2586,3218)  (2586,3158)  (2806,3279)  (2585,3279)  (2746,3338)  (2686,3338)  (2526,3219)  (2525,3338)  | overflowToLeft=false
PA2 - Sprut  (2748,386)  | overflowToLeft=false
UK7 - Cala  (1798,1066)  | overflowToLeft=false
51 Sea Zone  (5481,1234)  (5421,1286)  (5421,1226)  (5541,1178)  (5541,1238)  (5361,1286)  (5361,1226)  (5601,1178)  (5601,1238)  | overflowToLeft=false
PA1 - Insel  (2220,34)  | overflowToLeft=false
UK6 - Bluenose  (119,1145)  (59,1176)  (59,1116)  (178,1205)  (119,1085)  (179,1085)  (179,1145)  (118,1236)  (224,1265)  (239,1083)  (239,1143)  | overflowToLeft=false
54 Sea Zone  (78,1787)  (18,1846)  (18,1786)  (137,1847)  (78,1727)  (138,1727)  (138,1787)  (16,1726)  (76,1667)  (136,1667)  | overflowToLeft=false
PA4 - Amortizatorra  (3239,897)  (3179,921)  (3298,957)  (3299,867)  (3158,861)  | overflowToLeft=false
UK9 - Bogtrot  (7404,1098)  (7344,1157)  (7344,1097)  (7463,1158)  (7404,1038)  (7464,1060)  (7342,1037)  (7284,1195)  (7523,1120)  (7282,1075)  (7583,1076)  (7583,1136)  | overflowToLeft=false
PA3 - Kierch  (2785,529)  (2845,508)  | overflowToLeft=false
UK8 - Beavertail  (7107,1079)  (7047,1138)  (7047,1078)  (7166,1139)  (7107,1019)  (7167,1019)  (7167,1079)  (7045,1018)  (7106,1198)  (7046,1198)  (7214,1199)  (7105,959)  (7165,959)  | overflowToLeft=false
48 Sea Zone  (4584,1344)  (4524,1403)  (4524,1343)  (4584,1284)  (4644,1284)  (4644,1344)  (4522,1283)  (4582,1224)  (4642,1224)  (4702,1224)  (4513,1223)  (4573,1164)  (4633,1164)  (4693,1164)  | overflowToLeft=false
PA6 - Bugger  (5123,1189)  | overflowToLeft=false
89 Sea Zone  (3452,2553)  (3392,2591)  (3392,2531)  (3511,2613)  (3512,2533)  (3369,2471)  (3332,2563)  (3571,2593)  (3578,2653)  (3309,2503)  (3288,2443)  (3638,2613)  (3249,2552)  (3666,2673)  (3228,2492)  (3228,2432)  | overflowToLeft=false
PA5 - Chora  (2112,1142)  (2076,1082)  | overflowToLeft=false
PA8 - Afiadonn  (1708,1465)  (1673,1525)  (1768,1433)  | overflowToLeft=false
PA7 - Sede  (1077,1686)  | overflowToLeft=false
PA9 - Ligazonn  (1831,1601)  (1771,1654)  (1771,1594)  (1891,1570)  (1951,1583)  | overflowToLeft=false
123 Sea Zone  (5724,3248)  (5664,3307)  (5664,3247)  (5783,3308)  (5724,3188)  (5784,3188)  (5784,3248)  (5662,3187)  (5604,3338)  (5604,3278)  (5843,3308)  (5844,3141)  (5844,3201)  (5602,3218)  (5602,3158)  (5544,3338)  (5544,3278)  (5903,3261)  (5903,3321)  (5904,3141)  (5904,3201)  (5542,3218)  (5542,3158)  (5484,3338)  (5484,3278)  (5963,3261)  (5963,3321)  (5964,3141)  (5964,3201)  (5482,3218)  (5482,3158)  (5424,3338)  (5424,3278)  | overflowToLeft=false
43 Sea Zone  (5455,1024)  (5395,1083)  (5395,1023)  (5514,1084)  (5455,964)  (5515,964)  (5515,1024)  (5393,963)  (5335,1114)  (5335,1054)  (5574,1084)  (5575,964)  (5575,1024)  (5333,994)  (5333,934)  (5634,1084)  (5635,1015)  (5694,1075)  (5754,1111)  | overflowToLeft=false
26 Sea Zone  (4133,345)  (4073,404)  (4073,344)  (4192,405)  (4133,285)  (4193,285)  (4193,345)  (4071,284)  (4013,421)  (4013,361)  (4252,405)  (4253,257)  (4253,317)  (4011,301)  (4011,241)  (3953,408)  (4312,377)  (4312,437)  (4313,242)  (4313,302)  (3951,348)  (3951,288)  (3951,228)  | overflowToLeft=false
7 Sea Zone  (2647,85)  (2587,144)  (2587,84)  (2706,145)  (2647,25)  (2707,25)  (2707,85)  (2585,24)  (2527,171)  (2527,111)  (2766,145)  (2767,0)  (2767,60)  (2525,51)  (2467,171)  (2467,111)  (2826,120)  (2827,0)  (2827,60)  (2465,51)  (2407,171)  (2407,111)  (2405,51)  | overflowToLeft=false
NL10 - Grensgebied  (1879,2927)  (1819,2986)  (1819,2926)  (1939,2870)  (1939,2930)  (1759,2942)  (1999,2855)  | overflowToLeft=false
NL11 - Hoofdstad  (2114,2848)  (2175,2844)  (2247,2840)  (2312,2887)  (2100,2911)  (2046,2977)  (2063,3037)  (2131,3027)  (2195,3026)  (2267,3018)  (2338,3028)  (2344,2960)  | overflowToLeft=false
2 Sea Zone  (629,96)  (569,155)  (569,95)  (688,156)  (629,36)  (689,36)  (689,96)  (567,35)  (628,215)  (568,215)  (509,155)  (509,95)  (748,156)  (748,216)  (688,216)  (508,216)  (749,0)  (749,60)  (507,35)  (449,156)  (449,96)  (448,225)  (447,36)  (387,93)  (387,33)  | overflowToLeft=false
NL12 - Ingang  (1864,3173)  (1825,3233)  (1924,3145)  | overflowToLeft=false
USCap  (7660,3397)  | overflowToLeft=false
35 Sea Zone  (406,1199)  (346,1258)  (346,1198)  (465,1259)  (406,1139)  (466,1139)  (466,1199)  (344,1138)  (405,1318)  (345,1318)  (502,1319)  (404,1079)  (464,1079)  (285,1340)  (442,1378)  (382,1378)  (502,1379)  (360,1019)  (420,1019)  (480,1019)  (322,1400)  | overflowToLeft=false
44 Sea Zone  (646,1424)  (586,1483)  (586,1423)  (705,1484)  (646,1364)  (706,1364)  (706,1424)  (584,1363)  (645,1543)  (585,1543)  (722,1544)  (644,1304)  (704,1304)  (566,1303)  | overflowToLeft=false
81 Sea Zone  (122,2310)  (62,2364)  (62,2304)  (181,2370)  (122,2250)  (182,2250)  (182,2310)  (2,2364)  (2,2304)  | overflowToLeft=false
53 Sea Zone  (5756,1336)  (5696,1395)  (5696,1335)  (5815,1396)  (5756,1276)  (5816,1276)  (5816,1336)  (5694,1275)  (5755,1455)  (5695,1455)  (5754,1216)  (5683,1215)  (5686,1515)  | overflowToLeft=false
72 Sea Zone  (2243,1942)  (2183,1990)  (2183,1930)  (2303,1936)  (2177,1870)  | overflowToLeft=false
CCap  (7660,3397)  | overflowToLeft=false
103 Sea Zone  (3536,3039)  (3476,3098)  (3476,3038)  (3595,3099)  (3536,2979)  (3596,2979)  (3596,3039)  (3474,2978)  (3416,3115)  (3416,3055)  (3655,3099)  (3656,2999)  (3414,2995)  (3356,3115)  (3356,3055)  (3715,3059)  | overflowToLeft=false
63 Sea Zone  (4644,1541)  (4584,1598)  (4584,1538)  (4703,1601)  (4644,1481)  (4704,1481)  (4704,1541)  (4580,1478)  (4524,1590)  (4763,1601)  (4764,1467)  (4764,1527)  (4520,1530)  (4520,1470)  | overflowToLeft=false
112 Sea Zone  (172,3312)  (112,3338)  (112,3278)  (232,3274)  (232,3334)  (52,3338)  (292,3267)  (292,3327)  | overflowToLeft=false
5 Sea Zone  (1739,85)  (1679,144)  (1679,84)  (1798,145)  (1739,25)  (1799,25)  (1799,85)  (1677,24)  (1619,191)  (1619,131)  (1858,145)  (1859,0)  (1859,60)  (1617,71)  (1617,11)  | overflowToLeft=false
16 Sea Zone  (7050,153)  (6990,212)  (6990,152)  (7109,213)  (7050,93)  (7110,93)  (7110,153)  (6988,92)  (7049,272)  (6989,272)  (6930,161)  (7169,213)  (7169,273)  (7109,273)  (7048,33)  (7108,33)  (7168,33)  (7170,93)  (7170,153)  (6928,101)  (6928,41)  (6988,32)  (7228,1)  (7049,332)  (6989,332)  (7116,333)  (6868,117)  (6868,57)  | overflowToLeft=false
G11  (2748,1146)  (2688,1205)  (2688,1145)  (2807,1206)  (2748,1086)  (2808,1086)  (2808,1146)  (2686,1085)  (2747,1265)  (2868,1086)  (2868,1146)  (2626,1027)  | overflowToLeft=false
G10  (2521,1129)  (2461,1145)  (2580,1189)  (2516,1069)  | overflowToLeft=false
G13  (2372,1231)  (2312,1232)  (2432,1228)  (2492,1261)  | overflowToLeft=false
126 Sea Zone  (7444,3296)  (7384,3338)  (7384,3278)  (7504,3270)  (7504,3330)  (7324,3338)  (7324,3278)  (7564,3287)  | overflowToLeft=false
G12  (2950,1242)  (2941,1302)  (3010,1225)  | overflowToLeft=false
69 Sea Zone  (1182,2071)  (1122,2130)  (1122,2070)  (1241,2131)  (1182,2011)  (1242,2011)  (1242,2071)  (1120,2010)  (1062,2186)  (1062,2126)  (1301,2131)  (1180,1951)  (1240,1951)  (1300,1951)  (1302,2011)  (1302,2071)  (1060,2066)  (1060,2006)  (1120,1950)  (1360,1951)  (1002,2186)  (1002,2126)  (1361,2131)  (1000,2066)  (1000,2006)  | overflowToLeft=false
G15 - Blitzburg  (2766,1471)  (2718,1533)  (2655,1510)  (2677,1443)  (2712,1369)  (2773,1336)  (2840,1330)  (2905,1362)  (2921,1427)  | overflowToLeft=false
F1 - Canal  (2104,891)  | overflowToLeft=false
G14  (2566,1401)  (2506,1460)  (2588,1461)  (2555,1341)  (2615,1341)  (2528,1520)  (2588,1521)  | overflowToLeft=false
F2 - Parcourue  (2388,957)  (2328,977)  (2328,917)  (2433,1017)  (2448,936)  (2373,1037)  (2508,938)  | overflowToLeft=false
G17  (2120,1525)  (2060,1571)  (2180,1490)  (2180,1550)  (2240,1514)  | overflowToLeft=false
F3 - Metroparis  (2473,756)  (2533,726)  (2600,720)  (2664,749)  (2618,791)  (2597,837)  (2529,866)  (2461,872)  (2398,840)  | overflowToLeft=false
G16  (2957,1527)  (3017,1486)  | overflowToLeft=false
34 Sea Zone  (5260,692)  (5200,751)  (5200,691)  (5319,752)  (5260,632)  (5320,632)  (5320,692)  (5198,631)  (5259,811)  (5199,811)  (5140,751)  (5140,691)  (5379,752)  (5379,812)  (5319,812)  (5139,812)  (5380,632)  (5380,692)  (5138,631)  (5138,571)  (5198,571)  (5439,752)  (5439,812)  (5440,670)  (5183,511)  (5243,475)  | overflowToLeft=false
F4 - Haienau  (2662,626)  | overflowToLeft=false
G19 - Kriegsbruck  (2551,1706)  (2541,1766)  (2540,1646)  (2600,1646)  (2660,1600)  | overflowToLeft=false
F5 - Cosmopollon  (2743,873)  (2683,932)  (2683,872)  (2802,933)  (2743,813)  (2803,831)  (2623,907)  (2862,891)  | overflowToLeft=false
G18  (2385,1623)  (2444,1683)  (2384,1683)  (2335,1563)  (2395,1563)  (2445,1623)  (2433,1743)  (2373,1743)  (2318,1503)  (2378,1503)  (2382,1803)  | overflowToLeft=false
F6 - Macabrenne  (1764,1774)  (1792,1834)  (1732,1834)  (1824,1720)  | overflowToLeft=false
F7 - Ennui  (6250,1486)  (6190,1545)  (6190,1485)  (6307,1546)  (6250,1426)  (6310,1426)  (6310,1486)  (6222,1605)  (6370,1475)  (6162,1646)  | overflowToLeft=false
F8 - Shaykhes  (3108,2250)  (3048,2309)  (3167,2310)  (3082,2190)  (3168,2204)  (3228,2223)  | overflowToLeft=false
F9 - Tsutshepen  (3406,2257)  (3346,2275)  (3466,2254)  (3526,2282)  | overflowToLeft=false
82 Sea Zone  (437,2346)  (377,2405)  (377,2345)  (496,2406)  (437,2286)  (497,2286)  (497,2346)  (375,2285)  (436,2465)  (376,2465)  (317,2405)  (317,2345)  (556,2406)  (557,2250)  (557,2310)  (315,2285)  | overflowToLeft=false
119 Sea Zone  (3585,3267)  (3525,3326)  (3525,3266)  (3644,3327)  (3585,3207)  (3645,3207)  (3645,3267)  (3523,3206)  (3465,3338)  (3465,3278)  (3704,3327)  (3705,3179)  (3705,3239)  (3463,3218)  (3405,3338)  (3405,3278)  (3403,3218)  (3345,3338)  (3345,3278)  (3343,3218)  | overflowToLeft=false
107 Sea Zone  (4512,3028)  (4452,3087)  (4452,3027)  (4571,3088)  (4512,2968)  (4572,2968)  (4572,3028)  (4450,2967)  (4392,3109)  (4392,3049)  (4631,3088)  (4632,2945)  (4632,3005)  (4390,2989)  (4332,3109)  (4332,3049)  (4691,3065)  (4692,2945)  (4692,3005)  (4330,2989)  (4751,3065)  (4752,2945)  (4752,3005)  (4811,3065)  (4812,2945)  (4812,3005)  (4872,2945)  (4872,3005)  (4932,2945)  | overflowToLeft=false
G20  (1286,1687)  | overflowToLeft=false
G21  (1992,1776)  (1932,1817)  (2052,1750)  (2112,1745)  | overflowToLeft=false
12 Sea Zone  (5049,83)  (4989,142)  (4989,82)  (5108,143)  (5049,23)  (5109,23)  (5109,83)  (4987,22)  (4929,176)  (4929,116)  (5168,143)  (5169,0)  (5169,60)  (4927,56)  (4869,173)  (5228,120)  (5229,0)  (5229,60)  (4867,113)  (4867,53)  | overflowToLeft=false
113 Sea Zone  (599,3300)  (539,3338)  (539,3278)  (659,3245)  (659,3305)  (479,3338)  (479,3278)  (719,3245)  (719,3305)  (419,3338)  (419,3278)  (779,3242)  (779,3302)  | overflowToLeft=false
G1  (3003,106)  | overflowToLeft=false
1 Sea Zone  (153,42)  (93,101)  (93,41)  (213,0)  (213,60)  (33,126)  (33,66)  (33,6)  (273,0)  (273,60)  | overflowToLeft=false
G2  (3710,133)  (3650,192)  (3650,132)  (3769,193)  (3770,89)  (3829,149)  | overflowToLeft=false
G3  (3351,272)  | overflowToLeft=false
88 Sea Zone  (2925,2497)  (2865,2556)  (2865,2496)  (2984,2557)  (2925,2437)  (2985,2437)  (2985,2497)  (2863,2436)  (2805,2615)  (2805,2555)  (3044,2557)  (3045,2407)  (3045,2467)  (2803,2495)  (2803,2435)  (2745,2615)  (2745,2555)  (3104,2527)  (3104,2587)  (3105,2414)  (2743,2495)  (2743,2435)  | overflowToLeft=false
G4  (2985,520)  (2925,512)  (3045,486)  (3045,546)  | overflowToLeft=false
79 Sea Zone  (7444,1878)  (7384,1937)  (7384,1877)  (7503,1938)  (7444,1818)  (7504,1818)  (7504,1878)  (7382,1817)  (7443,1997)  (7383,1997)  (7324,1937)  (7324,1877)  (7563,1938)  (7563,1998)  (7503,1998)  (7323,1998)  (7442,1758)  (7502,1758)  (7562,1758)  (7564,1818)  (7564,1878)  (7322,1817)  (7264,1938)  (7264,1878)  (7263,2003)  (7262,1818)  | overflowToLeft=false
G5  (3323,458)  (3254,461)  (3190,472)  (3126,482)  (3141,547)  (3140,608)  (3208,637)  (3272,640)  (3332,598)  (3325,529)  | overflowToLeft=false
G6  (3485,503)  (3425,532)  (3425,472)  (3545,467)  (3545,527)  | overflowToLeft=false
G7  (3142,731)  (3082,766)  (3082,706)  (3201,791)  (3202,703)  (3261,763)  | overflowToLeft=false
G8  (2964,926)  (2960,986)  (2987,866)  (2900,998)  (3047,843)  | overflowToLeft=false
G9  (3049,1030)  (3020,1090)  (3076,970)  (3136,994)  | overflowToLeft=false
F10 - Nouveausot  (169,2553)  (109,2612)  (109,2552)  (228,2613)  (169,2493)  (229,2493)  (229,2553)  (107,2492)  (288,2613)  (237,2673)  (289,2533)  (47,2515)  (47,2455)  (349,2557)  | overflowToLeft=false
F12 - Reseau  (90,2832)  (30,2891)  (149,2892)  (50,2772)  (110,2772)  (150,2832)  (170,2761)  (89,2951)  (160,2952)  | overflowToLeft=false
F11 - Chateaumont  (486,2598)  (426,2657)  (426,2597)  (529,2658)  (486,2538)  (546,2538)  (546,2598)  (606,2564)  | overflowToLeft=false
F14 - Gauchernay  (73,3097)  (13,3064)  (132,3157)  (133,3081)  | overflowToLeft=false
31 Sea Zone  (1199,746)  (1139,805)  (1139,745)  (1258,806)  (1199,686)  (1259,686)  (1259,746)  (1137,685)  (1198,865)  (1138,865)  (1318,806)  (1318,866)  (1258,866)  (1197,626)  (1257,626)  (1317,626)  (1319,686)  (1319,746)  (1088,625)  | overflowToLeft=false
F13 - Outremerville  (247,2757)  (307,2745)  (361,2758)  (422,2776)  (241,2825)  (407,2849)  (254,2899)  (244,2961)  (327,2951)  (405,2926)  | overflowToLeft=false
F16 - Saintnez  (588,3109)  (528,3168)  (528,3108)  (647,3169)  (648,3086)  (526,3048)  (468,3182)  (468,3122)  (707,3146)  (466,3062)  (464,3002)  (767,3121)  (827,3152)  | overflowToLeft=false
F15 - Aigleaix  (286,3101)  (226,3160)  (226,3100)  (345,3161)  (286,3041)  (346,3041)  (346,3101)  (224,3040)  | overflowToLeft=false
ICap  (7660,3397)  | overflowToLeft=false
8 Sea Zone  (3150,69)  (3090,128)  (3090,68)  (3209,129)  (3150,9)  (3210,9)  (3210,69)  (3088,8)  (3030,171)  (3030,111)  (3269,129)  (3270,0)  (3270,60)  (3028,51)  (2970,171)  (2970,111)  (2968,51)  | overflowToLeft=false
F18 - Rond  (4358,3228)  | overflowToLeft=false
19 Sea Zone  (1036,424)  (976,474)  (976,414)  (1095,484)  (1096,420)  (965,354)  (916,474)  (916,414)  (1155,480)  (1156,365)  (905,354)  (905,294)  (965,294)  (880,234)  (940,234)  | overflowToLeft=false
25 Sea Zone  (3583,330)  (3523,389)  (3523,329)  (3642,390)  (3583,270)  (3643,270)  (3643,330)  (3521,269)  (3463,398)  (3463,338)  (3702,390)  (3703,263)  (3703,323)  (3461,278)  (3403,392)  (3762,383)  (3763,264)  (3401,332)  (3401,272)  (3822,324)  (3822,384)  (3823,262)  (3341,390)  (3341,330)  (3341,270)  | overflowToLeft=false
F17 - Pluie  (1027,3172)  | overflowToLeft=false
66 Sea Zone  (142,2077)  (82,2136)  (82,2076)  (201,2137)  (142,2017)  (202,2017)  (202,2077)  (80,2016)  (22,2186)  (22,2126)  (261,2137)  (262,1963)  (262,2023)  (20,2066)  (20,2006)  | overflowToLeft=false
F19 - Bas  (6816,2807)  | overflowToLeft=false
122 Sea Zone  (5113,3216)  (5053,3275)  (5053,3215)  (5172,3276)  (5113,3156)  (5173,3156)  (5173,3216)  (5051,3155)  (5112,3335)  (5052,3335)  (4993,3275)  (4993,3215)  (5232,3276)  (5232,3336)  (5172,3336)  (4992,3336)  (5111,3096)  (5171,3096)  (5231,3096)  (5233,3156)  (5233,3216)  (4991,3155)  (4991,3095)  (5051,3095)  (5291,3046)  (4933,3276)  (4933,3216)  (5292,3276)  (5292,3336)  (4932,3338)  (5293,3106)  (5293,3166)  (4931,3156)  (5351,3046)  (4873,3278)  (4873,3218)  (5352,3226)  (5352,3286)  (4872,3338)  (5353,3106)  (5353,3166)  | overflowToLeft=false
85 Sea Zone  (1620,2493)  (1560,2552)  (1560,2492)  (1679,2553)  (1620,2433)  (1680,2433)  (1680,2493)  (1558,2432)  (1619,2612)  (1559,2612)  (1500,2552)  (1500,2492)  (1739,2553)  (1739,2613)  (1679,2613)  (1499,2613)  (1740,2385)  (1740,2445)  (1498,2432)  | overflowToLeft=false
50 Sea Zone  (5109,1417)  (5049,1476)  (5049,1416)  (5168,1477)  (5109,1357)  (5169,1357)  (5169,1417)  (5047,1356)  (5228,1477)  (5229,1309)  (5229,1369)  | overflowToLeft=false
91 Sea Zone  (5819,2587)  (5759,2646)  (5759,2586)  (5878,2647)  (5819,2527)  (5879,2527)  (5879,2587)  (5757,2526)  (5706,2706)  (5699,2646)  (5699,2586)  (5938,2647)  (5817,2467)  (5877,2467)  (5937,2467)  (5939,2527)  (5939,2587)  (5646,2759)  (5997,2409)  (5639,2699)  (5639,2639)  (5998,2647)  (5902,2407)  (5999,2469)  (5999,2529)  (5586,2762)  (6003,2349)  (5579,2702)  (5526,2762)  | overflowToLeft=false
116 Sea Zone  (2209,3295)  (2149,3338)  (2149,3278)  (2269,3250)  (2269,3310)  (2089,3338)  (2329,3232)  (2329,3292)  (2053,3278)  (2029,3338)  (2389,3178)  (2389,3238)  (2389,3298)  (2406,3116)  (1993,3278)  (1969,3338)  (2466,3110)  | overflowToLeft=false
124 Sea Zone  (6246,3235)  (6186,3294)  (6186,3234)  (6305,3295)  (6246,3175)  (6306,3175)  (6306,3235)  (6184,3174)  (6126,3338)  (6126,3278)  (6365,3295)  (6244,3115)  (6304,3115)  (6364,3115)  (6366,3175)  (6366,3235)  (6124,3218)  (6124,3158)  (6184,3114)  (6108,3098)  (6066,3338)  (6066,3278)  (6064,3218)  (6064,3158)  | overflowToLeft=false
F21 - Bassinne  (7319,3028)  (7378,3088)  (7318,3088)  (7299,2968)  (7359,2968)  (7379,3028)  (7438,3135)  (7378,3148)  (7318,3148)  (7356,2908)  | overflowToLeft=false
F20 - Peninsule  (6895,3107)  (6835,3157)  (6955,3091)  (6775,3169)  (6775,3109)  (7015,3080)  (7015,3140)  (6715,3174)  (6715,3114)  (7075,3065)  (7075,3125)  (6655,3167)  (7135,3050)  (7135,3110)  (7195,3030)  (7195,3090)  | overflowToLeft=false
93 Sea Zone  (6840,2505)  (6780,2564)  (6780,2504)  (6899,2565)  (6840,2445)  (6900,2445)  (6900,2505)  (6778,2444)  (6839,2624)  (6779,2624)  (6720,2564)  (6720,2504)  (6959,2565)  (6959,2625)  (6899,2625)  (6719,2625)  (6838,2385)  (6898,2385)  (6958,2385)  (6960,2445)  (6960,2505)  (6718,2444)  (6718,2384)  (6778,2384)  (7018,2327)  (6839,2684)  (6779,2684)  (6660,2565)  (6660,2505)  (7019,2565)  (7019,2625)  (7019,2685)  (6959,2685)  (6899,2685)  (6719,2685)  (6659,2685)  (6659,2625)  (6838,2325)  (6898,2325)  (6958,2325)  (7020,2387)  (7020,2447)  (6658,2445)  (6658,2385)  (6658,2325)  (6718,2324)  (6778,2324)  (7078,2290)  (6600,2565)  (6600,2505)  (7079,2507)  (7079,2567)  (7079,2627)  (7079,2687)  | overflowToLeft=false
F23 - Ouf  (7520,2904)  (7460,2850)  (7579,2964)  (7519,2964)  (7520,2844)  (7580,2844)  (7580,2904)  (7487,3024)  | overflowToLeft=false
F22 - Savon  (7547,2654)  (7487,2713)  (7606,2714)  (7565,2594)  (7607,2654)  (7620,2774)  | overflowToLeft=false
I1  (2548,1956)  (2480,1964)  (2415,1978)  (2353,2035)  (2317,2101)  (2385,2122)  (2446,2127)  (2507,2118)  (2569,2102)  (2560,2032)  | overflowToLeft=false
F24 - Pierre  (7571,3120)  (7620,3180)  (7560,3180)  (7604,3060)  | overflowToLeft=false
I2  (2731,2000)  (2671,2059)  (2671,1999)  (2790,2060)  (2731,1940)  (2791,1940)  (2791,2000)  (2669,1939)  | overflowToLeft=false
I3  (3011,1908)  (2951,1951)  (2951,1891)  (3071,1851)  (3071,1911)  (2891,1909)  | overflowToLeft=false
JCap  (7660,3397)  | overflowToLeft=false
29 Sea Zone  (696,754)  (636,698)  (755,814)  (695,814)  (696,694)  (756,694)  (756,754)  (600,638)  (799,874)  (739,874)  (679,874)  (660,634)  (720,634)  (780,634)  (540,586)  (600,578)  (518,931)  (799,934)  (739,934)  (679,934)  (660,574)  (720,574)  (780,574)  (619,935)  (458,945)  (457,885)  (398,945)  (397,885)  (337,838)  | overflowToLeft=false
I4  (3075,2048)  (3015,2092)  (3015,2032)  (3134,2108)  (3135,2004)  (2955,2089)  (2955,2029)  (3194,2064)  (3195,1993)  (3254,2053)  | overflowToLeft=false
I5  (2290,2278)  (2230,2337)  (2230,2277)  (2349,2338)  (2290,2218)  (2350,2218)  (2350,2278)  (2170,2369)  (2170,2309)  (2410,2303)  (2110,2369)  | overflowToLeft=false
I6  (2538,2265)  (2478,2269)  (2478,2209)  (2597,2325)  (2538,2205)  (2598,2205)  (2598,2265)  (2537,2329)  | overflowToLeft=false
47 Sea Zone  (1496,1380)  (1436,1439)  (1436,1379)  (1496,1320)  (1556,1320)  (1434,1319)  (1474,1499)  (1414,1499)  (1448,1559)  | overflowToLeft=false
I7 - Nisi  (1918,2576)  | overflowToLeft=false
UK12 - Fasach  (1668,1380)  (1728,1338)  | overflowToLeft=false
UK11 - Newf  (1050,1851)  | overflowToLeft=false
UK10 - Bytown  (205,1379)  (131,1333)  (55,1331)  (8,1400)  (9,1464)  (7,1534)  (7,1603)  (89,1579)  (152,1534)  (199,1450)  | overflowToLeft=false
3 Sea Zone  (1020,53)  (960,112)  (960,52)  (1080,0)  (1080,60)  (900,137)  (900,77)  (900,17)  (1140,0)  (1140,60)  | overflowToLeft=false
65 Sea Zone  (5349,1617)  (5289,1676)  (5289,1616)  (5350,1677)  (5349,1557)  (5409,1557)  (5409,1617)  (5287,1556)  (5290,1736)  (5229,1719)  (5229,1659)  (5469,1550)  (5469,1610)  (5227,1599)  (5317,1796)  (5529,1550)  (5589,1550)  | overflowToLeft=false
60 Sea Zone  (2708,1819)  (2648,1864)  (2648,1804)  (2768,1769)  (2768,1829)  (2588,1872)  (2828,1769)  (2828,1829)  (2888,1765)  | overflowToLeft=false
US12  (7019,554)  (6959,613)  (6959,553)  (7078,614)  (7019,494)  (7079,506)  (7138,640)  | overflowToLeft=false
UK19 - Valeurbec  (662,2484)  (685,2552)  (726,2463)  (786,2460)  (849,2463)  | overflowToLeft=false
US11  (6897,354)  (6832,358)  (6761,364)  (6668,382)  (6687,453)  (6733,515)  (6808,557)  (6865,509)  (6904,438)  | overflowToLeft=false
UK18 - Leftcoast  (7436,1568)  (7376,1627)  (7376,1567)  (7495,1628)  (7436,1508)  (7496,1508)  (7496,1568)  (7374,1507)  (7385,1687)  (7325,1687)  (7316,1627)  (7316,1567)  (7555,1628)  (7492,1448)  (7552,1448)  (7556,1508)  (7556,1568)  (7314,1507)  | overflowToLeft=false
US10  (6532,539)  (6472,598)  (6472,538)  (6591,599)  (6532,479)  (6592,479)  (6592,539)  (6470,478)  (6412,565)  (6651,599)  (6651,659)  (6591,659)  (6530,419)  (6410,505)  (6410,445)  (6711,580)  (6711,640)  (6350,486)  (6771,658)  | overflowToLeft=false
UK17 - Scivey  (7159,1635)  (7099,1694)  (7200,1695)  (7179,1575)  (7219,1635)  (7239,1559)  (7215,1499)  | overflowToLeft=false
UK16 - Ditchmond  (6867,1802)  (6807,1861)  (6807,1801)  (6907,1862)  (6867,1742)  (6927,1742)  (6927,1802)  (6805,1741)  (6812,1921)  (6752,1921)  (6747,1861)  (6747,1801)  (6987,1702)  (6987,1762)  (6987,1822)  (7047,1778)  | overflowToLeft=false
UK15 - Slack  (6895,1575)  (6835,1634)  (6835,1574)  (6902,1635)  (6895,1515)  (6955,1515)  (6955,1575)  (6775,1673)  (6775,1613)  (6775,1553)  (7015,1504)  (7015,1564)  (7075,1501)  | overflowToLeft=false
106 Sea Zone  (4745,2831)  (4685,2881)  (4685,2821)  (4805,2785)  (4805,2845)  (4625,2881)  (4625,2821)  (4865,2789)  (4865,2849)  (4565,2881)  (4565,2821)  (4925,2790)  (4925,2850)  | overflowToLeft=false
UK14 - Cladach  (1492,1843)  (1432,1834)  (1552,1838)  (1612,1832)  | overflowToLeft=false
UK13 - Bhaile  (1562,1606)  (1538,1546)  (1622,1625)  (1682,1662)  | overflowToLeft=false
57 Sea Zone  (863,1783)  (803,1842)  (803,1782)  (922,1843)  (863,1723)  (923,1723)  (923,1783)  (801,1722)  (861,1663)  (921,1663)  (774,1662)  | overflowToLeft=false
83 Sea Zone  (778,2337)  (718,2396)  (718,2336)  (837,2397)  (778,2277)  (838,2277)  (838,2337)  (716,2276)  (658,2404)  (658,2344)  (897,2397)  (898,2250)  (898,2310)  (656,2284)  | overflowToLeft=false
114 Sea Zone  (1077,3282)  (1017,3338)  (1017,3278)  (1077,3222)  (1137,3222)  (1137,3282)  (1012,3218)  (957,3338)  (957,3278)  (1072,3162)  (1132,3162)  (1192,3162)  (1197,3222)  (1197,3282)  (952,3218)  (952,3158)  (1012,3158)  (1252,3107)  (897,3338)  (897,3278)  (1072,3102)  (1132,3102)  (1192,3102)  (1257,3167)  (1257,3227)  (1257,3287)  (901,3098)  (961,3098)  (1252,3047)  (1021,3042)  (1081,3042)  (1141,3042)  (856,3038)  (916,3038)  (1201,2987)  (1261,2987)  (976,2982)  (1036,2982)  (1096,2982)  | overflowToLeft=false
22 Sea Zone  (2363,321)  (2303,380)  (2303,320)  (2422,381)  (2363,261)  (2423,261)  (2423,321)  (2301,260)  (2362,440)  (2302,440)  (2243,360)  (2483,235)  (2483,295)  (2483,355)  (2241,300)  (2241,240)  (2349,500)  (2181,292)  | overflowToLeft=false
J1 - Sakusen  (5480,2181)  (5420,2240)  (5420,2180)  (5539,2241)  (5507,2121)  (5540,2181)  (5567,2117)  (5600,2177)  | overflowToLeft=false
J2 - Tochaku  (5917,2122)  (5857,2168)  (5857,2108)  (5976,2182)  (5973,2062)  (5977,2122)  (6033,2006)  (5797,2174)  (5797,2114)  (6036,2182)  (6037,2088)  (5737,2179)  (5737,2119)  (6096,2178)  | overflowToLeft=false
PX1 - Demare  (1095,221)  (1109,281)  (1049,281)  (1076,161)  (1155,167)  (1169,227)  (1066,341)  | overflowToLeft=false
J3 - Toreddokoya  (6214,2070)  (6154,2111)  (6154,2051)  (6273,2130)  (6214,2010)  (6274,2010)  (6274,2070)  (6134,1991)  | overflowToLeft=false
98 Sea Zone  (1529,2833)  (1469,2892)  (1469,2832)  (1588,2893)  (1529,2773)  (1589,2773)  (1589,2833)  (1467,2772)  (1528,2952)  (1468,2952)  (1409,2892)  (1409,2832)  (1648,2893)  (1408,2953)  (1527,2713)  (1587,2713)  (1647,2713)  (1649,2773)  (1649,2833)  (1407,2772)  (1448,2712)  (1534,3012)  (1474,3012)  (1414,3013)  | overflowToLeft=false
J4 - Danmakuba  (6496,1990)  (6436,2049)  (6436,1989)  (6555,2050)  (6496,1930)  (6556,1930)  (6556,1990)  (6434,1929)  (6481,2109)  (6421,2109)  (6616,1920)  (6616,1980)  (6616,2040)  (6430,1869)  | overflowToLeft=false
PX3 - Onkentessa  (2918,725)  (2858,765)  (2936,785)  | overflowToLeft=false
J5 - Tsuki  (4592,2603)  (4645,2663)  (4585,2663)  (4547,2543)  (4607,2543)  (4652,2603)  | overflowToLeft=false
PX2 - Rucknahmesel  (4047,73)  (3987,126)  (4107,70)  (3927,91)  (4167,70)  (4227,71)  | overflowToLeft=false
J6 - Saizensen  (5050,2626)  (4989,2607)  (4917,2585)  (4850,2571)  (4787,2554)  (4750,2616)  (4732,2680)  (4792,2720)  (4863,2727)  (4931,2716)  (4995,2682)  | overflowToLeft=false
PX5 - Anschluszig  (2015,1666)  (1955,1698)  (2075,1650)  (2135,1636)  | overflowToLeft=false
J7 - Senryo  (5019,2489)  (4959,2518)  (4959,2458)  (5078,2549)  (5079,2449)  (5139,2471)  | overflowToLeft=false
PX4 - Asediatt  (1949,1292)  (1889,1334)  (2009,1261)  (2069,1255)  | overflowToLeft=false
J8 - Hanto  (5515,2448)  (5455,2507)  (5455,2447)  (5574,2508)  (5515,2388)  (5575,2388)  (5575,2448)  (5453,2387)  (5514,2567)  (5393,2347)  | overflowToLeft=false
PX7 - Nenshtrim  (3336,2146)  (3276,2151)  (3396,2153)  (3461,2172)  (3521,2176)  | overflowToLeft=false
J9 - Joriku  (5981,2277)  (5914,2257)  (5846,2241)  (5772,2244)  (5706,2245)  (5648,2270)  (5669,2332)  (5686,2397)  (5695,2460)  (5756,2402)  (5829,2364)  (5894,2327)  | overflowToLeft=false
PX6 - Liittolainenmaa  (2897,1654)  (2957,1634)  | overflowToLeft=false
75 Sea Zone  (2142,2163)  (2082,2222)  (2082,2162)  (2142,2103)  (2202,2103)  (2063,2282)  | overflowToLeft=false
67 Sea Zone  (472,2072)  (412,2131)  (412,2071)  (531,2132)  (472,2012)  (532,2012)  (532,2072)  (410,2011)  (352,2186)  (352,2126)  (591,2132)  (592,1963)  (592,2023)  (350,2066)  (350,2006)  | overflowToLeft=false
101 Sea Zone  (2731,2809)  (2671,2868)  (2671,2808)  (2790,2869)  (2731,2749)  (2791,2749)  (2791,2809)  (2669,2748)  (2730,2928)  (2670,2928)  (2611,2868)  (2611,2808)  (2850,2869)  (2850,2929)  (2790,2929)  (2610,2929)  (2729,2689)  (2789,2689)  (2849,2689)  (2851,2749)  (2851,2809)  (2609,2748)  (2609,2688)  (2669,2688)  (2909,2678)  (2730,2988)  (2670,2988)  (2551,2869)  (2551,2809)  (2910,2869)  (2910,2929)  (2900,2989)  (2840,2989)  (2610,2989)  (2550,2989)  (2550,2929)  (2911,2738)  (2911,2798)  (2549,2749)  (2549,2689)  (2780,3048)  (2720,3048)  (2660,3049)  (2600,3049)  (2540,3049)  | overflowToLeft=false
70 Sea Zone  (1599,2008)  (1539,2067)  (1539,2007)  (1658,2068)  (1599,1948)  (1659,1948)  (1659,2008)  (1537,1947)  (1479,2078)  (1479,2018)  (1718,2068)  (1719,1921)  (1719,1981)  (1477,1958)  | overflowToLeft=false
104 Sea Zone  (3894,2835)  (3944,2895)  (3884,2895)  (3838,2775)  (3898,2775)  (3944,2955)  (3884,2955)  | overflowToLeft=false
40 Sea Zone  (2021,856)  (1961,915)  (1961,855)  (2080,916)  (2081,814)  (2020,975)  (1960,975)  (2140,874)  (2198,814)  (1965,1035)  (2258,824)  | overflowToLeft=false
UK32 - Tir  (3493,3238)  | overflowToLeft=false
US1  (204,257)  (144,316)  (144,256)  (263,317)  (204,197)  (264,197)  (264,257)  (142,196)  (203,376)  (84,342)  (84,282)  (323,317)  (324,157)  (324,217)  (82,222)  (24,324)  (383,334)  (22,264)  (22,204)  | overflowToLeft=false
UK31 - Zikherkayt  (2765,2977)  (2825,2957)  | overflowToLeft=false
UK30 - Vlootbasis  (1662,3089)  (1721,3149)  (1661,3149)  (1607,3029)  (1667,3029)  (1722,3089)  (1716,3209)  | overflowToLeft=false
US3 - Jive  (672,183)  | overflowToLeft=false
24 Sea Zone  (3098,330)  (3038,389)  (3038,329)  (3157,390)  (3098,270)  (3158,270)  (3158,330)  (3036,269)  (2978,415)  (2978,355)  (3217,390)  (3218,235)  (3218,295)  (2976,295)  (2976,235)  (2918,417)  (2918,357)  (2916,297)  (2916,237)  | overflowToLeft=false
39 Sea Zone  (1786,964)  (1726,1023)  (1726,963)  (1845,1024)  (1786,904)  (1846,904)  (1846,964)  (1724,903)  (1785,1083)  (1725,1083)  (1889,1084)  (1784,844)  (1844,844)  (1807,1143)  (1747,1143)  (1687,1143)  (1754,1203)  (1694,1203)  (1681,1263)  | overflowToLeft=false
US2 - Juke  (513,54)  | overflowToLeft=false
US5  (319,734)  (393,751)  (459,781)  (542,802)  (307,656)  (306,584)  (317,514)  (322,435)  (388,434)  (393,530)  (430,601)  (501,658)  (550,728)  | overflowToLeft=false
US4  (102,543)  (42,602)  (42,542)  (161,603)  (102,483)  (162,483)  (162,543)  (40,482)  (101,662)  (219,663)  (222,468)  (222,528)  (0,422)  (7612,609)  | overflowToLeft=false
US7  (6294,279)  (6234,338)  (6234,278)  (6353,339)  (6294,219)  (6354,219)  (6354,279)  (6174,331)  (6174,271)  (6413,339)  (6414,219)  (6414,279)  (6114,300)  (6114,240)  (6474,270)  | overflowToLeft=false
95 Sea Zone  (771,2666)  (711,2725)  (711,2665)  (830,2726)  (771,2606)  (831,2606)  (831,2666)  (651,2746)  (651,2686)  (890,2726)  (891,2570)  (891,2630)  (591,2746)  | overflowToLeft=false
US6  (118,878)  (58,937)  (58,877)  (177,938)  (118,818)  (178,818)  (178,878)  (56,817)  (117,997)  (57,997)  (237,938)  (237,998)  (177,998)  (116,758)  (176,758)  (238,778)  (238,838)  (0,757)  (7562,1002)  (7594,941)  (7619,881)  | overflowToLeft=false
US9  (7460,274)  (7400,333)  (7400,273)  (7519,334)  (7460,214)  (7520,214)  (7520,274)  (7340,318)  (7580,320)  | overflowToLeft=false
US8  (6683,228)  (6623,287)  (6623,227)  (6742,288)  (6683,168)  (6743,168)  (6743,228)  (6621,167)  (6563,270)  (6803,179)  (6803,239)  (6561,210)  (6863,219)  (6863,279)  (6501,187)  | overflowToLeft=false
45 Sea Zone  (933,1422)  (873,1481)  (873,1421)  (992,1482)  (933,1362)  (993,1362)  (993,1422)  (871,1361)  (932,1541)  (872,1541)  (813,1481)  (813,1421)  (1052,1482)  (1052,1542)  (992,1542)  (812,1542)  (931,1302)  (991,1302)  (1051,1302)  (1053,1362)  (1053,1422)  (811,1361)  (811,1301)  (871,1301)  | overflowToLeft=false
US19  (6628,1063)  (6568,1119)  (6568,1059)  (6687,1123)  (6628,1003)  (6688,1003)  (6688,1063)  (6563,999)  | overflowToLeft=false
US18  (7328,815)  (7268,874)  (7268,814)  (7387,875)  (7328,755)  (7388,755)  (7388,815)  (7266,754)  (7208,869)  (7447,875)  (7447,935)  (7387,935)  (7448,810)  (7206,809)  (7206,749)  (7266,694)  (7507,870)  | overflowToLeft=false
US17  (6965,800)  (6905,859)  (6905,799)  (7024,860)  (6965,740)  (7025,740)  (7025,800)  (6903,739)  (6964,919)  (6904,919)  (7084,860)  (6844,920)  (7085,745)  (6852,679)  | overflowToLeft=false
US16  (6627,823)  (6567,882)  (6567,822)  (6686,883)  (6627,763)  (6687,763)  (6687,823)  (6565,762)  (6507,889)  (6507,829)  (6746,883)  (6747,758)  (6747,818)  (6505,769)  | overflowToLeft=false
US15  (6330,761)  (6270,787)  (6270,727)  (6389,821)  (6330,701)  (6390,701)  (6390,761)  (6329,847)  (6405,881)  (6309,641)  | overflowToLeft=false
US14  (7467,586)  (7407,645)  (7407,585)  (7526,646)  (7467,526)  (7527,526)  (7527,586)  (7563,706)  (7503,706)  (7478,466)  (7538,466)  (7554,766)  | overflowToLeft=false
US13  (7256,359)  (7184,383)  (7123,434)  (7162,501)  (7185,561)  (7251,574)  (7306,529)  (7355,468)  (7331,391)  (7408,423)  | overflowToLeft=false
62 Sea Zone  (4262,1489)  (4202,1496)  (4322,1438)  (4322,1498)  (4371,1558)  (4382,1401)  (4382,1461)  | overflowToLeft=false
UK23 - Tatadwal  (3463,2399)  (3403,2391)  (3523,2387)  (3343,2379)  | overflowToLeft=false
UK22 - Forzikh  (2895,2235)  (2932,2295)  (2872,2295)  (2865,2175)  (2925,2175)  (2985,2163)  | overflowToLeft=false
UK21 - Tsetretn  (2729,2222)  (2774,2282)  (2714,2282)  (2693,2162)  (2753,2162)  | overflowToLeft=false
UK20 - Vue  (1015,2320)  | overflowToLeft=false
37 Sea Zone  (1035,1089)  (975,1148)  (975,1088)  (1094,1149)  (1035,1029)  (1095,1029)  (1095,1089)  (973,1028)  (1033,969)  (1093,969)  (957,968)  | overflowToLeft=false
78 Sea Zone  (7014,2029)  (6954,2088)  (6954,2028)  (7073,2089)  (7014,1969)  (7074,1969)  (7074,2029)  (6952,1968)  (7013,2148)  (6953,2148)  (6894,2088)  (6894,2028)  (7125,2149)  (6893,2149)  (7012,1909)  (7072,1909)  (7132,1909)  (7134,1969)  (7192,1851)  (7065,2208)  (7005,2208)  (7125,2209)  (6945,2209)  (7127,1849)  (7194,1911)  (7194,1971)  | overflowToLeft=false
US22 - Alohisle  (7451,2115)  | overflowToLeft=true
UK29 - Chidhhar  (3752,2901)  (3692,2919)  (3811,2961)  (3756,2841)  | overflowToLeft=false
US21 - Blocarado  (6560,1296)  (6500,1355)  (6500,1295)  (6607,1356)  (6560,1236)  (6620,1236)  (6620,1296)  (6538,1415)  (6478,1415)  (6440,1355)  (6680,1207)  (6680,1267)  (6380,1354)  (6740,1212)  | overflowToLeft=false
UK28 - Dhanavaru  (3544,2784)  (3484,2843)  (3484,2783)  (3603,2844)  (3544,2724)  (3604,2736)  (3482,2723)  (3663,2796)  | overflowToLeft=false
US20  (6873,1085)  (6813,1127)  (6813,1067)  (6932,1145)  (6873,1025)  (6933,1025)  (6933,1085)  (6794,1007)  (6872,1187)  (6933,1205)  | overflowToLeft=false
UK27 - Rajadhani  (3361,2851)  (3366,2787)  (3364,2722)  (3386,2656)  (3317,2640)  (3252,2620)  (3184,2643)  (3119,2672)  (3175,2732)  (3234,2793)  (3293,2840)  | overflowToLeft=false
73 Sea Zone  (1624,2239)  (1564,2298)  (1564,2238)  (1683,2299)  (1624,2179)  (1684,2179)  (1684,2239)  (1562,2178)  (1504,2321)  (1504,2261)  (1743,2299)  (1744,2141)  (1744,2201)  (1502,2201)  (1502,2141)  | overflowToLeft=false
UK26 - Chauraaha  (3854,2602)  (3794,2661)  (3913,2662)  (3841,2542)  (3914,2570)  | overflowToLeft=false
32 Sea Zone  (1462,594)  (1402,653)  (1402,593)  (1462,654)  (1462,534)  (1522,534)  (1400,533)  (1402,713)  (1413,773)  (1467,833)  (1407,833)  (1539,845)  (1608,847)  (1479,893)  (1419,893)  | overflowToLeft=false
UK25 - Aanchal  (3914,2395)  (3854,2454)  (3958,2455)  (3929,2335)  (3974,2395)  | overflowToLeft=false
UK24 - Buniada  (3691,2479)  (3631,2492)  (3631,2432)  (3750,2539)  (3751,2430)  | overflowToLeft=false
96 Sea Zone  (680,2913)  (620,2972)  (620,2912)  (739,2973)  (680,2853)  (740,2853)  (740,2913)  (618,2852)  (560,2932)  (792,3033)  (558,2872)  (558,2812)  (498,2881)  | overflowToLeft=false
127 Sea Zone  (1890,3057)  (1830,3077)  (1950,3037)  | overflowToLeft=false
FCap  (7660,3397)  | overflowToLeft=false
UKCap  (7660,3397)  | overflowToLeft=false
90 Sea Zone  (5296,2551)  (5236,2610)  (5236,2550)  (5355,2611)  (5296,2491)  (5356,2505)  (5234,2490)  (5176,2667)  (5176,2607)  (5415,2627)  (5294,2431)  (5302,2371)  | overflowToLeft=false
6 Sea Zone  (2142,84)  (2082,88)  (2082,28)  (2201,144)  (2142,24)  (2202,24)  (2202,84)  (2141,148)  (2022,104)  (2022,44)  (2261,144)  (2262,0)  (2262,60)  (1962,132)  (1962,72)  (1962,12)  (2321,120)  (2322,0)  (2322,60)  | overflowToLeft=false
59 Sea Zone  (2763,1620)  (2763,1680)  (2800,1560)  (2703,1692)  | overflowToLeft=false
118 Sea Zone  (3066,3219)  (3006,3278)  (3006,3218)  (3125,3279)  (3066,3159)  (3126,3159)  (3126,3219)  (3004,3158)  (3065,3338)  (3005,3338)  (2946,3278)  (2946,3218)  (3185,3279)  (2945,3338)  (3064,3099)  (3124,3099)  (3184,3099)  (3186,3159)  (3186,3219)  (2944,3158)  (2944,3098)  (3004,3098)  (3244,3069)  (2886,3278)  (2886,3218)  (3245,3279)  (2885,3338)  (3246,3129)  (3246,3189)  (2884,3158)  | overflowToLeft=false
109 Sea Zone  (5727,3024)  (5667,3077)  (5667,3017)  (5787,2994)  (5787,3054)  (5607,3077)  (5607,3017)  (5847,2994)  (5847,3054)  (5575,2876)  (5573,2957)  (5547,3077)  (5547,3017)  (5907,2976)  (5907,3036)  (5635,2829)  (5515,2897)  (5515,2837)  (5513,2957)  (5487,3077)  (5487,3017)  (5967,2968)  (5967,3028)  (5427,3077)  | overflowToLeft=false
10 Sea Zone  (4121,0)  (4061,4)  (4181,0)  (4001,7)  (4241,0)  (3941,9)  (4301,0)  | overflowToLeft=false
68 Sea Zone  (790,2070)  (730,2129)  (730,2069)  (849,2130)  (790,2010)  (850,2010)  (850,2070)  (728,2009)  (670,2186)  (670,2126)  (909,2130)  (910,1963)  (910,2023)  (668,2066)  (668,2006)  | overflowToLeft=false
77 Sea Zone  (6647,2165)  (6587,2224)  (6587,2164)  (6706,2225)  (6684,2105)  (6707,2165)  (6744,2068)  (6527,2227)  (6766,2225)  (6767,2128)  (6804,2023)  (6467,2227)  (6407,2227)  (6347,2227)  | overflowToLeft=false
121 Sea Zone  (4571,3263)  (4511,3322)  (4511,3262)  (4630,3323)  (4571,3203)  (4631,3203)  (4631,3263)  (4509,3202)  (4451,3338)  (4451,3278)  (4690,3323)  (4691,3172)  (4691,3232)  (4449,3218)  (4391,3338)  (4391,3278)  (4750,3292)  (4751,3172)  (4751,3232)  (4389,3218)  (4331,3338)  (4331,3278)  (4329,3218)  | overflowToLeft=false
86 Sea Zone  (2042,2532)  (1982,2591)  (1982,2531)  (2101,2592)  (2102,2478)  (1922,2615)  (1922,2555)  (1922,2495)  (2161,2538)  (2161,2598)  (2162,2434)  (1862,2615)  (1862,2555)  (1862,2495)  | overflowToLeft=false
C11- Tielu  (5488,1986)  (5428,2045)  (5428,1985)  (5533,2046)  (5488,1926)  (5548,1926)  (5548,1986)  (5426,1925)  (5608,1912)  (5608,1972)  | overflowToLeft=false
C10 - Dapaizhong  (5186,2023)  (5126,2052)  (5126,1992)  (5246,1972)  (5246,2032)  | overflowToLeft=false
C13 - Huidegan  (4378,2080)  (4318,2139)  (4318,2079)  (4437,2140)  (4378,2020)  (4438,2020)  (4438,2080)  (4258,2123)  | overflowToLeft=false
C12 - Zoutouwulu  (5799,1969)  (5739,2028)  (5739,1968)  (5799,1909)  (5859,1909)  (5859,1969)  (5737,1908)  (5679,2028)  (5919,1912)  (5919,1972)  | overflowToLeft=false
C15 - Guangchang  (4982,2211)  (4922,2240)  (4922,2180)  (5041,2271)  (4982,2151)  (5042,2188)  (4981,2300)  (4890,2120)  (5102,2218)  | overflowToLeft=false
120 Sea Zone  (4007,3155)  (3947,3214)  (3947,3154)  (4066,3215)  (4007,3095)  (4067,3095)  (4067,3155)  (3945,3094)  (4006,3274)  (3946,3274)  (3887,3214)  (3887,3154)  (4126,3215)  (4126,3275)  (4066,3275)  (3886,3275)  (4127,3075)  (4127,3135)  (3885,3094)  (4006,3334)  (3946,3334)  (3827,3215)  (3827,3155)  (4186,3195)  (4186,3255)  (4186,3315)  (4126,3335)  (4066,3335)  (3886,3335)  (3826,3335)  (3826,3275)  (4187,3075)  (4187,3135)  (3825,3095)  | overflowToLeft=false
C14 - Baolei  (4626,2152)  (4566,2211)  (4566,2151)  (4668,2212)  (4626,2092)  (4686,2092)  (4686,2152)  (4564,2091)  (4746,2112)  | overflowToLeft=false
C17 - Pinkunqing  (4372,2276)  (4312,2302)  (4312,2242)  (4431,2336)  (4432,2229)  (4491,2289)  | overflowToLeft=false
C16 - Jinkou  (5170,2336)  (5110,2375)  (5193,2396)  (5198,2276)  | overflowToLeft=false
71 Sea Zone  (1959,1978)  (1899,2037)  (1899,1977)  (2018,2038)  (1959,1918)  (2019,1918)  (2019,1978)  (1897,1917)  (1839,2087)  (1839,2027)  (2079,1861)  (2079,1921)  (2079,1981)  (1837,1967)  (1837,1907)  | overflowToLeft=false
C19 - Jianchi  (4809,2353)  (4868,2413)  (4808,2413)  (4780,2293)  (4840,2293)  (4869,2353)  (4836,2473)  (4776,2473)  (4795,2233)  | overflowToLeft=false
C18 - Ninguang  (4623,2380)  (4563,2439)  (4563,2379)  (4682,2440)  (4623,2320)  (4683,2320)  (4683,2380)  (4503,2459)  | overflowToLeft=false
IN2 - Ostrazity  (2817,651)  (2877,618)  (2777,711)  | overflowToLeft=false
30 Sea Zone  (936,717)  (876,776)  (876,716)  (995,777)  (936,657)  (996,657)  (996,717)  (874,656)  (935,836)  (875,836)  (1024,837)  (934,597)  (994,597)  (863,596)  (964,896)  (904,896)  (923,537)  (983,537)  | overflowToLeft=false
IN1 - Thuaidh  (2011,344)  (1951,403)  (1951,343)  (2070,404)  (2011,284)  (2071,284)  (2071,344)  (1949,283)  (2010,463)  (2009,224)  (2131,366)  | overflowToLeft=false
IN4 - Halangan  (5716,295)  (5656,354)  (5656,294)  (5776,251)  (5776,311)  (5836,250)  (5836,310)  | overflowToLeft=false
108 Sea Zone  (5209,2856)  (5149,2915)  (5149,2855)  (5268,2916)  (5209,2796)  (5269,2796)  (5269,2856)  (5147,2795)  (5208,2975)  (5148,2975)  (5089,2915)  (5089,2855)  (5328,2916)  (5328,2976)  (5268,2976)  (5088,2976)  (5207,2736)  (5267,2736)  (5327,2736)  (5329,2796)  (5329,2856)  (5087,2795)  (5087,2735)  (5147,2735)  (5387,2730)  (5029,2916)  (5029,2856)  (5388,2916)  (5388,2976)  (5028,2982)  (5389,2790)  (5389,2850)  (5027,2796)  | overflowToLeft=false
IN3 - Salib  (5023,563)  | overflowToLeft=false
11 Sea Zone  (4611,103)  (4551,162)  (4551,102)  (4670,163)  (4611,43)  (4671,43)  (4671,103)  (4549,42)  (4491,173)  (4491,113)  (4730,163)  (4731,0)  (4731,60)  (4489,53)  (4431,173)  (4431,113)  (4429,53)  | overflowToLeft=false
IN6 - Aberta  (6154,524)  (6094,514)  (6213,584)  (6153,584)  (6154,464)  (6214,479)  (6091,454)  (6206,644)  (6274,530)  | overflowToLeft=false
IN5 - Intervira  (5955,330)  (6014,390)  (5954,390)  (5905,270)  (5965,270)  (6015,330)  (6017,450)  | overflowToLeft=false
17 Sea Zone  (7435,69)  (7375,128)  (7375,68)  (7453,129)  (7435,9)  (7495,9)  (7495,69)  (7373,8)  (7315,182)  (7315,122)  (7555,0)  (7555,60)  (7313,62)  (7313,2)  | overflowToLeft=false
IN8 - Fjernso  (3202,1473)  (3142,1532)  (3262,1452)  (3322,1440)  | overflowToLeft=false
IN7 - Tystholm  (3110,1274)  (3050,1333)  (3167,1214)  (3227,1172)  (3227,1232)  (3061,1393)  (3001,1393)  | overflowToLeft=false
IN9 - Fononia  (6372,1083)  (6312,1086)  (6312,1026)  (6431,1143)  (6372,1023)  (6432,1023)  (6432,1083)  (6371,1146)  (6300,966)  (6433,963)  (6412,1206)  (6352,1206)  (6336,1266)  | overflowToLeft=false
58 Sea Zone  (1241,1799)  (1181,1858)  (1181,1798)  (1300,1859)  (1241,1739)  (1301,1739)  (1301,1799)  (1179,1738)  (1121,1886)  (1121,1826)  (1360,1869)  (1239,1679)  (1299,1679)  (1359,1679)  (1361,1739)  (1119,1766)  (1119,1706)  (1179,1678)  (1061,1886)  (1061,1826)  (1059,1766)  (1059,1706)  | overflowToLeft=false
87 Sea Zone  (2456,2526)  (2396,2585)  (2396,2525)  (2515,2586)  (2456,2466)  (2516,2466)  (2516,2526)  (2394,2465)  (2336,2615)  (2336,2555)  (2575,2586)  (2576,2421)  (2576,2481)  (2334,2495)  (2276,2615)  (2276,2555)  (2635,2541)  (2635,2601)  (2636,2409)  (2636,2469)  (2274,2495)  (2272,2435)  | overflowToLeft=false
102 Sea Zone  (3133,2919)  (3073,2978)  (3073,2918)  (3192,2979)  (3133,2859)  (3193,2877)  (3071,2858)  (3013,3005)  (3013,2945)  (3252,2937)  (3252,2997)  (3131,2799)  (3012,2798)  (3312,2922)  (3012,2738)  (3014,2678)  | overflowToLeft=false
C20 - Laoshan  (4262,2444)  (4202,2503)  (4247,2384)  (4307,2384)  (4322,2444)  (4243,2563)  (4382,2419)  | overflowToLeft=false
C22 - Buxinghu  (4379,2622)  (4319,2678)  (4319,2618)  (4438,2682)  (4379,2562)  (4439,2562)  (4439,2622)  | overflowToLeft=false
C21 - Yindumen  (4127,2650)  (4067,2673)  (4131,2590)  (4187,2650)  | overflowToLeft=false
61 Sea Zone  (3076,1752)  (3016,1785)  | overflowToLeft=false
52 Sea Zone  (5477,1414)  (5417,1473)  (5417,1413)  (5536,1474)  (5477,1354)  (5537,1354)  (5537,1414)  (5415,1353)  (5357,1486)  (5357,1426)  (5596,1474)  (5597,1350)  (5597,1410)  (5355,1366)  | overflowToLeft=false
ACap  (7660,3397)  | overflowToLeft=false
27 Sea Zone  (4615,343)  (4555,402)  (4555,342)  (4674,403)  (4615,283)  (4675,283)  (4675,343)  (4553,282)  (4495,450)  (4495,390)  (4735,237)  (4735,297)  (4735,357)  (4493,330)  (4493,270)  (4435,458)  (4435,398)  (4795,237)  (4795,297)  (4795,357)  (4433,338)  (4433,278)  | overflowToLeft=false
33 Sea Zone  (4924,702)  (4864,761)  (4864,701)  (4983,762)  (4924,642)  (4984,662)  (4862,641)  (4923,821)  (4863,821)  (5034,822)  (4803,822)  (4922,582)  (4827,581)  (4887,522)  (4820,521)  | overflowToLeft=false
42 Sea Zone  (5134,1037)  (5074,1096)  (5074,1036)  (5193,1097)  (5134,977)  (5194,977)  (5194,1037)  (5072,976)  (5133,1156)  (5073,1156)  (5014,1096)  (5014,1036)  (5253,1097)  (5253,1157)  (5193,1157)  (5013,1157)  (5132,917)  (5192,917)  (5252,917)  (5254,977)  (5254,1037)  (5012,976)  (5133,1216)  (5073,1216)  (5263,1217)  (5203,1217)  (5013,1217)  | overflowToLeft=false
36 Sea Zone  (734,1101)  (674,1160)  (674,1100)  (793,1161)  (734,1041)  (794,1041)  (794,1101)  (672,1040)  (614,1186)  (614,1126)  (853,1161)  (854,1009)  (854,1069)  (612,1066)  | overflowToLeft=false
80 Sea Zone  (7384,2290)  (7324,2349)  (7324,2289)  (7443,2350)  (7384,2230)  (7444,2230)  (7444,2290)  (7322,2229)  (7383,2409)  (7323,2409)  (7264,2349)  (7264,2289)  (7503,2350)  (7263,2409)  (7382,2170)  (7442,2170)  (7502,2170)  (7504,2230)  (7504,2290)  (7262,2229)  (7262,2169)  (7322,2169)  (7562,2112)  (7382,2110)  (7442,2110)  (7502,2110)  (7564,2172)  (7202,2227)  (7202,2167)  (7262,2109)  (7322,2109)  (7200,2107)  | overflowToLeft=false
111 Sea Zone  (6896,2921)  (6836,2980)  (6836,2920)  (6955,2981)  (6896,2861)  (6956,2861)  (6956,2921)  (6834,2860)  (6776,3038)  (6776,2978)  (7015,2981)  (6894,2801)  (6954,2801)  (7014,2801)  (7016,2861)  (7016,2921)  (6774,2918)  (6774,2858)  (6834,2800)  (6772,2798)  (7074,2758)  (6716,3044)  (6716,2984)  (7075,2981)  (7076,2818)  (7076,2878)  (6714,2924)  (6714,2864)  (6712,2804)  (7134,2758)  (6656,3048)  (6656,2988)  (7135,2938)  (7136,2818)  (7136,2878)  (6654,2928)  (6654,2868)  (6652,2808)  (6596,3031)  (6594,2971)  | overflowToLeft=false
74 Sea Zone  (1921,2281)  (1861,2340)  (1861,2280)  (1980,2341)  (1921,2221)  (1981,2221)  (1981,2281)  (1859,2220)  (1920,2400)  (1860,2400)  (1988,2401)  (1919,2161)  (1979,2161)  (1836,2160)  | overflowToLeft=false
105 Sea Zone  (4203,2840)  (4143,2899)  (4143,2839)  (4242,2900)  (4203,2780)  (4263,2780)  (4263,2840)  (4141,2779)  (4182,2959)  (4122,2959)  (4083,2899)  (4083,2839)  (4242,2960)  (4323,2750)  (4323,2810)  (4323,2870)  (4081,2779)  (4062,2980)  (4023,2920)  (4023,2860)  (4383,2759)  (4383,2819)  (4383,2879)  (4021,2800)  (4021,2740)  (4443,2762)  (4443,2822)  | overflowToLeft=false
J10 - Kanshiin  (6708,2332)  | overflowToLeft=false
J12 - Ki  (5312,2928)  | overflowToLeft=false
J11 - Shima  (4650,3019)  | overflowToLeft=false
J14 - Sokotoshi  (5772,2754)  (5836,2754)  (5911,2757)  (5981,2752)  (6053,2728)  (6127,2705)  (6186,2667)  (6182,2765)  (6172,2831)  (6130,2881)  (6069,2898)  (6034,2839)  | overflowToLeft=false
J13 - Shukkyo  (5793,2876)  (5733,2917)  (5853,2839)  (5853,2899)  (5673,2910)  (5913,2845)  (5973,2888)  | overflowToLeft=false
J16 - Ri  (4043,3224)  | overflowToLeft=false
J15 - Orosumura  (6327,2698)  (6267,2757)  (6267,2697)  (6386,2758)  (6327,2638)  (6387,2638)  (6387,2698)  (6300,2817)  (6433,2578)  (6447,2638)  | overflowToLeft=false
PA15 - Sympaikti  (2619,3252)  (2559,3257)  (2679,3252)  | overflowToLeft=false
R10  (3889,715)  (3829,774)  (3829,714)  (3949,685)  (4009,675)  | overflowToLeft=false
PA14 - Syntrofos  (1321,2632)  (1261,2677)  (1381,2607)  | overflowToLeft=false
R12  (3948,871)  (3888,930)  (3888,870)  (3994,811)  (4008,871)  (4054,765)  (3828,925)  (3828,865)  (4068,825)  (4068,885)  | overflowToLeft=false
14 Sea Zone  (6004,85)  (5944,144)  (5944,84)  (6063,145)  (6004,25)  (6064,25)  (6064,85)  (5942,24)  (5884,173)  (5884,113)  (6123,145)  (6124,0)  (6124,60)  (5882,53)  (5824,177)  (5824,117)  (6183,120)  (6184,0)  (6184,60)  (5822,57)  (5764,183)  (5764,123)  (5762,63)  (5762,3)  | overflowToLeft=false
R11  (3545,894)  (3485,939)  (3485,879)  (3605,860)  (3605,920)  (3425,949)  (3425,889)  (3665,870)  (3665,930)  (3725,880)  | overflowToLeft=false
PA11 - Aizsargsn  (3308,1597)  (3361,1537)  (3368,1597)  | overflowToLeft=false
R14  (3955,1033)  (3895,1045)  (4015,996)  (4015,1056)  | overflowToLeft=false
PA10 - Biedrsga  (3125,1645)  (3185,1611)  | overflowToLeft=false
R13  (4245,739)  (4185,798)  (4185,738)  (4278,679)  (4305,739)  (4365,744)  | overflowToLeft=false
PA13 - Zadruga  (3722,2268)  (3662,2312)  (3662,2252)  (3781,2328)  (3782,2223)  (3841,2283)  | overflowToLeft=false
R16  (4457,855)  (4399,848)  (4337,843)  (4276,860)  (4269,916)  (4290,977)  (4296,1040)  (4354,1009)  (4412,963)  (4463,914)  | overflowToLeft=false
20 Sea Zone  (1351,341)  (1291,400)  (1291,340)  (1410,401)  (1351,281)  (1411,281)  (1411,341)  (1289,280)  (1323,460)  (1263,460)  (1349,221)  (1409,221)  (1256,220)  (1323,520)  (1263,520)  | overflowToLeft=false
PA12 - Udobno  (3268,1881)  (3208,1894)  (3208,1834)  (3327,1941)  (3268,1821)  (3328,1856)  (3387,1917)  | overflowToLeft=false
R15  (4149,968)  (4202,1028)  (4142,1028)  (4157,908)  | overflowToLeft=false
55 Sea Zone  (350,1720)  (290,1779)  (290,1719)  (409,1780)  (350,1660)  (410,1660)  (410,1720)  (288,1659)  (349,1839)  (289,1839)  (230,1779)  (230,1719)  (456,1840)  (229,1840)  (348,1600)  (408,1600)  (228,1659)  (230,1599)  (396,1899)  (336,1899)  (276,1900)  (290,1540)  (350,1540)  (410,1540)  (271,1480)  (331,1480)  (391,1480)  (451,1480)  | overflowToLeft=false
R18  (4046,1209)  (4105,1269)  (4045,1269)  (3996,1149)  (4056,1149)  (4106,1209)  (4063,1329)  (4003,1340)  | overflowToLeft=false
R17  (4569,872)  (4583,932)  (4529,812)  (4629,819)  | overflowToLeft=false
R19  (4221,1146)  (4220,1206)  (4281,1109)  | overflowToLeft=false
49 Sea Zone  (4852,1281)  (4792,1340)  (4792,1280)  (4911,1341)  (4852,1221)  (4912,1221)  (4912,1281)  (4790,1220)  (4851,1400)  (4791,1400)  (4936,1401)  (4850,1161)  (4910,1161)  (4766,1160)  | overflowToLeft=false